%YAML:1.0
M1: !!opencv-matrix
   rows: 3
   cols: 3
   dt: d
   data: [ 8.1795104992672054e+002, 0., 3.3034805076637429e+002, 0.,
       8.1795104992672054e+002, 2.2841377107158181e+002, 0., 0., 1. ]
D1: !!opencv-matrix
   rows: 1
   cols: 12
   dt: d
   data: [ 1.0837704529217045e-001, -4.0400758434263553e+000, 0., 0., 0.,
       0., 0., -2.9773964487025037e+001, 0., 0., 0., 0. ]
M2: !!opencv-matrix
   rows: 3
   cols: 3
   dt: d
   data: [ 8.1795104992672054e+002, 0., 3.3042977982824442e+002, 0.,
       8.1795104992672054e+002, 2.2842733841452059e+002, 0., 0., 1. ]
D2: !!opencv-matrix
   rows: 1
   cols: 12
   dt: d
   data: [ -1.3556252691714613e-001, 1.9186239418354869e+000, 0., 0., 0.,
       0., 0., 8.7741115206536886e+000, 0., 0., 0., 0. ]
