%YAML:1.0
R: !!opencv-matrix
   rows: 3
   cols: 3
   dt: d
   data: [ 9.9935443760709486e-001, 2.4963008939244760e-002,
       -2.5837109352755641e-002, -2.4898914446171198e-002,
       9.9968605411883693e-001, 2.7995106201206404e-003,
       2.5898882107328762e-002, -2.1543873860351325e-003,
       9.9966224622148336e-001 ]
T: !!opencv-matrix
   rows: 3
   cols: 1
   dt: d
   data: [ -1.9037922830174805e+000, -1.9809897011440130e-002,
       -4.8051620443806210e-002 ]
R1: !!opencv-matrix
   rows: 3
   cols: 3
   dt: d
   data: [ 9.9937667560191523e-001, 3.5297706653759517e-002,
       -5.7634004676409070e-004, -3.5296825433187975e-002,
       9.9937578650411807e-001, 1.4735886857111054e-003,
       6.2799458868520973e-004, -1.4523271879098097e-003,
       9.9999874818348444e-001 ]
R2: !!opencv-matrix
   rows: 3
   cols: 3
   dt: d
   data: [ 9.9962754353134542e-001, 1.0401617268750643e-002,
       2.5230548382519265e-002, -1.0364685709948392e-002,
       9.9994501455606866e-001, -1.5940999334457147e-003,
       -2.5245742287011666e-002, 1.3319994963393246e-003,
       9.9968038806096404e-001 ]
P1: !!opencv-matrix
   rows: 3
   cols: 4
   dt: d
   data: [ 7.2507979739103007e+002, 0., 3.1084197998046875e+002, 0., 0.,
       7.2507979739103007e+002, 2.3368839454650879e+002, 0., 0., 0., 1.,
       0. ]
P2: !!opencv-matrix
   rows: 3
   cols: 4
   dt: d
   data: [ 7.2507979739103007e+002, 0., 3.1084197998046875e+002,
       -1.3809156538128505e+003, 0., 7.2507979739103007e+002,
       2.3368839454650879e+002, 0., 0., 0., 1., 0. ]
Q: !!opencv-matrix
   rows: 4
   cols: 4
   dt: d
   data: [ 1., 0., 0., -3.1084197998046875e+002, 0., 1., 0.,
       -2.3368839454650879e+002, 0., 0., 0., 7.2507979739103007e+002, 0.,
       0., 5.2507174887112762e-001, 0. ]
