%YAML:1.0
R: !!opencv-matrix
   rows: 3
   cols: 3
   dt: d
   data: [ 9.9999356151078489e-001, -1.4181269704961962e-003,
       -3.2963393137834698e-003, 1.4607434418837395e-003,
       9.9991492053279485e-001, 1.2962172830643919e-002,
       3.2776768561035489e-003, -1.2966904479868778e-002,
       9.9991055411103491e-001 ]
T: !!opencv-matrix
   rows: 3
   cols: 1
   dt: d
   data: [ -1.8970763942200122e+000, 2.8604611864768849e-002,
       4.4866535108312469e-002 ]
R1: !!opencv-matrix
   rows: 3
   cols: 3
   dt: d
   data: [ 9.9950094472911299e-001, -1.6182068677585437e-002,
       -2.7129359353372882e-002, 1.6357494592775811e-002,
       9.9984663030868670e-001, 6.2568547219345972e-003,
       2.7023949679087306e-002, -6.6975005545347119e-003,
       9.9961234967864621e-001 ]
R2: !!opencv-matrix
   rows: 3
   cols: 3
   dt: d
   data: [ 9.9960688525488428e-001, -1.5072332910357946e-002,
       -2.3641060290688673e-002, 1.4918855086222810e-002,
       9.9986656042532729e-001, -6.6550060962738194e-003,
       2.3738212105062169e-002, 6.2996923626870956e-003,
       9.9969836008777690e-001 ]
P1: !!opencv-matrix
   rows: 3
   cols: 4
   dt: d
   data: [ 7.8361534822844214e+002, 0., 3.5429631042480469e+002, 0., 0.,
       7.8361534822844214e+002, 2.3238793182373047e+002, 0., 0., 0., 1.,
       0. ]
P2: !!opencv-matrix
   rows: 3
   cols: 4
   dt: d
   data: [ 7.8361534822844214e+002, 0., 3.5429631042480469e+002,
       -1.4871628048996661e+003, 0., 7.8361534822844214e+002,
       2.3238793182373047e+002, 0., 0., 0., 1., 0. ]
Q: !!opencv-matrix
   rows: 4
   cols: 4
   dt: d
   data: [ 1., 0., 0., -3.5429631042480469e+002, 0., 1., 0.,
       -2.3238793182373047e+002, 0., 0., 0., 7.8361534822844214e+002, 0.,
       0., 5.2691967930256978e-001, 0. ]
