%YAML:1.0
R: !!opencv-matrix
   rows: 3
   cols: 3
   dt: d
   data: [ 9.9987464257042846e-001, -5.5582124153663788e-004,
       1.5823722931258333e-002, 4.4883235625954755e-004,
       9.9997702285644097e-001, 6.7640452899779616e-003,
       -1.5827118947355792e-002, -6.7560951677988687e-003,
       9.9985191777778260e-001 ]
T: !!opencv-matrix
   rows: 3
   cols: 1
   dt: d
   data: [ -1.9095810551988148e+000, 9.6259474940971982e-003,
       -1.5483434373185728e-002 ]
R1: !!opencv-matrix
   rows: 3
   cols: 3
   dt: d
   data: [ 9.9969848664588956e-001, -5.6510969946193864e-003,
       2.3895625136740491e-002, 5.5698332647694205e-003,
       9.9997848177497306e-001, 3.4659694780412604e-003,
       -2.3914697475002435e-002, -3.3318297941896109e-003,
       9.9970845057691771e-001 ]
R2: !!opencv-matrix
   rows: 3
   cols: 3
   dt: d
   data: [ 9.9995442576443772e-001, -5.0406390305849777e-003,
       8.1079191089350466e-003, 5.0681703042469977e-003,
       9.9998144902175268e-001, -3.3786479726406263e-003,
       -8.0907381542625265e-003, 3.4195863081991828e-003,
       9.9996142244868613e-001 ]
P1: !!opencv-matrix
   rows: 3
   cols: 4
   dt: d
   data: [ 7.3944068677741484e+002, 0., 3.2417778396606445e+002, 0., 0.,
       7.3944068677741484e+002, 2.3097787094116211e+002, 0., 0., 0., 1.,
       0. ]
P2: !!opencv-matrix
   rows: 3
   cols: 4
   dt: d
   data: [ 7.3944068677741484e+002, 0., 3.2417778396606445e+002,
       -1.4120862816661872e+003, 0., 7.3944068677741484e+002,
       2.3097787094116211e+002, 0., 0., 0., 1., 0. ]
Q: !!opencv-matrix
   rows: 4
   cols: 4
   dt: d
   data: [ 1., 0., 0., -3.2417778396606445e+002, 0., 1., 0.,
       -2.3097787094116211e+002, 0., 0., 0., 7.3944068677741484e+002, 0.,
       0., 5.2365120770447116e-001, 0. ]
