%YAML:1.0
R: !!opencv-matrix
   rows: 3
   cols: 3
   dt: d
   data: [ 9.9994049087356962e-001, 1.0846483812917251e-002,
       1.1698292271326853e-003, -1.0871691556389215e-002,
       9.9964618588117582e-001, 2.4275695168630932e-002,
       -9.0610939034162664e-004, -2.4286968565748992e-002,
       9.9970461743640004e-001 ]
T: !!opencv-matrix
   rows: 3
   cols: 1
   dt: d
   data: [ -2.4428377262303016e+000, 2.2357420459390546e-002,
       -6.9161250316110964e-002 ]
R1: !!opencv-matrix
   rows: 3
   cols: 3
   dt: d
   data: [ 9.9957196281005578e-001, 1.0094331347827380e-003,
       2.9238197769337664e-002, -1.3666748592199259e-003,
       9.9992463207550508e-001, 1.2200916707160276e-002,
       -2.9223678137456917e-002, -1.2235653370878452e-002,
       9.9949800671272293e-001 ]
R2: !!opencv-matrix
   rows: 3
   cols: 3
   dt: d
   data: [ 9.9955763165420064e-001, -9.1481845086663870e-003,
       2.8299323702887638e-002, 9.4933457953100611e-003,
       9.9988188842520509e-001, -1.2086586981300556e-002,
       -2.8185410897414512e-002, 1.2349895523496204e-002,
       9.9952641920716778e-001 ]
P1: !!opencv-matrix
   rows: 3
   cols: 4
   dt: d
   data: [ 7.5224153250846234e+002, 0., 2.9850416183471680e+002, 0., 0.,
       7.5224153250846234e+002, 2.3464825248718262e+002, 0., 0., 0., 1.,
       0. ]
P2: !!opencv-matrix
   rows: 3
   cols: 4
   dt: d
   data: [ 7.5224153250846234e+002, 0., 2.9850416183471680e+002,
       -1.8384172524478242e+003, 0., 7.5224153250846234e+002,
       2.3464825248718262e+002, 0., 0., 0., 1., 0. ]
Q: !!opencv-matrix
   rows: 4
   cols: 4
   dt: d
   data: [ 1., 0., 0., -2.9850416183471680e+002, 0., 1., 0.,
       -2.3464825248718262e+002, 0., 0., 0., 7.5224153250846234e+002, 0.,
       0., 4.0917889097638982e-001, 0. ]
