%YAML:1.0
R: !!opencv-matrix
   rows: 3
   cols: 3
   dt: d
   data: [ 9.9993205769379878e-001, 4.6006086140534860e-003,
       1.0710480690690851e-002, -4.6387847649062789e-003,
       9.9998296687785848e-001, 3.5422634092708242e-003,
       -1.0694001690211110e-002, -3.5917063543784346e-003,
       9.9993636696207511e-001 ]
T: !!opencv-matrix
   rows: 3
   cols: 1
   dt: d
   data: [ -1.9136983567421342e+000, -8.6220157444513168e-003,
       2.0991722343095216e-002 ]
R1: !!opencv-matrix
   rows: 3
   cols: 3
   dt: d
   data: [ 9.9995815699630686e-001, 9.1447075012834975e-003,
       -2.4203566883060877e-004, -9.1442676690257196e-003,
       9.9995664163670706e-001, 1.7598907452379326e-003,
       2.5811886065957215e-004, -1.7576038671817617e-003,
       9.9999842210040502e-001 ]
R2: !!opencv-matrix
   rows: 3
   cols: 3
   dt: d
   data: [ 9.9992969643476171e-001, 4.5051037200481295e-003,
       -1.0968419592474851e-002, -4.5243879713494951e-003,
       9.9998826153923437e-001, -1.7339830519207124e-003,
       1.0960479066614102e-002, 1.7834865323989870e-003,
       9.9993834163633255e-001 ]
P1: !!opencv-matrix
   rows: 3
   cols: 4
   dt: d
   data: [ 8.0536816496635629e+002, 0., 3.3800997543334961e+002, 0., 0.,
       8.0536816496635629e+002, 2.3308514785766602e+002, 0., 0., 0., 1.,
       0. ]
P2: !!opencv-matrix
   rows: 3
   cols: 4
   dt: d
   data: [ 8.0536816496635629e+002, 0., 3.3800997543334961e+002,
       -1.5413400955725072e+003, 0., 8.0536816496635629e+002,
       2.3308514785766602e+002, 0., 0., 0., 1., 0. ]
Q: !!opencv-matrix
   rows: 4
   cols: 4
   dt: d
   data: [ 1., 0., 0., -3.3800997543334961e+002, 0., 1., 0.,
       -2.3308514785766602e+002, 0., 0., 0., 8.0536816496635629e+002, 0.,
       0., 5.2251165546122680e-001, 0. ]
