%YAML:1.0
R: !!opencv-matrix
   rows: 3
   cols: 3
   dt: d
   data: [ 9.9999324730089856e-001, 3.3743401437983079e-003,
       -1.4557407728950516e-003, -3.3593110535946719e-003,
       9.9994227669032565e-001, 1.0205798185994186e-002,
       1.4900945772381446e-003, -1.0200838983240387e-002,
       9.9994685983915610e-001 ]
T: !!opencv-matrix
   rows: 3
   cols: 1
   dt: d
   data: [ -2.4861063883973356e+000, 9.8829741294667421e-003,
       9.9279905739948961e-004 ]
R1: !!opencv-matrix
   rows: 3
   cols: 3
   dt: d
   data: [ 9.9999802533518511e-001, -5.9663409761594080e-004,
       -1.8956142761903136e-003, 6.0629382513640337e-004,
       9.9998681444093607e-001, 5.0993482001695442e-003,
       1.8925468364444881e-003, -5.1004874298965670e-003,
       9.9998520153772730e-001 ]
R2: !!opencv-matrix
   rows: 3
   cols: 3
   dt: d
   data: [ 9.9999201892602274e-001, -3.9752503347451800e-003,
       -3.9933573977966484e-004, 3.9731620531648871e-003,
       9.9997909808143837e-001, -5.1007238243526492e-003,
       4.1960404698676730e-004, 5.0990964894907041e-003,
       9.9998691148806262e-001 ]
P1: !!opencv-matrix
   rows: 3
   cols: 4
   dt: d
   data: [ 6.5927414335576316e+002, 0., 3.5247167205810547e+002, 0., 0.,
       6.5927414335576316e+002, 2.1144075965881348e+002, 0., 0., 0., 1.,
       0. ]
P2: !!opencv-matrix
   rows: 3
   cols: 4
   dt: d
   data: [ 6.5927414335576316e+002, 0., 3.5247167205810547e+002,
       -1.6390387407913856e+003, 0., 6.5927414335576316e+002,
       2.1144075965881348e+002, 0., 0., 0., 1., 0. ]
Q: !!opencv-matrix
   rows: 4
   cols: 4
   dt: d
   data: [ 1., 0., 0., -3.5247167205810547e+002, 0., 1., 0.,
       -2.1144075965881348e+002, 0., 0., 0., 6.5927414335576316e+002, 0.,
       0., 4.0223219070309618e-001, 0. ]
