%YAML:1.0
R: !!opencv-matrix
   rows: 3
   cols: 3
   dt: d
   data: [ 9.9980988927194214e-001, 2.4484224091136909e-003,
       1.9344005317756496e-002, -2.5180906305810893e-003,
       9.9999042850543429e-001, 3.5780046246453603e-003,
       -1.9335059700011824e-002, -3.6260343661297201e-003,
       9.9980648494654834e-001 ]
T: !!opencv-matrix
   rows: 3
   cols: 1
   dt: d
   data: [ -1.9237700446678425e+000, 1.9435494507965812e-003,
       8.9526752305627219e-003 ]
R1: !!opencv-matrix
   rows: 3
   cols: 3
   dt: d
   data: [ 9.9989107552573186e-001, 1.4550085217250913e-003,
       1.4687410738346982e-002, -1.4814899056523753e-003,
       9.9999729645703761e-001, 1.7922796308485055e-003,
       -1.4684763248164850e-002, -1.8138436584809929e-003,
       9.9989052785768917e-001 ]
R2: !!opencv-matrix
   rows: 3
   cols: 3
   dt: d
   data: [ 9.9998866133228181e-001, -1.0102701302172892e-003,
       -4.6536610464219504e-003, 1.0018773978798634e-003,
       9.9999786829900750e-001, -1.8054470694580244e-003,
       4.6554751154540405e-003, 1.8007642002738295e-003,
       9.9998754182226923e-001 ]
P1: !!opencv-matrix
   rows: 3
   cols: 4
   dt: d
   data: [ 6.8860270296972226e+002, 0., 3.3243049621582031e+002, 0., 0.,
       6.8860270296972226e+002, 2.2507995986938477e+002, 0., 0., 0., 1.,
       0. ]
P2: !!opencv-matrix
   rows: 3
   cols: 4
   dt: d
   data: [ 6.8860270296972226e+002, 0., 3.3243049621582031e+002,
       -1.3247282733041677e+003, 0., 6.8860270296972226e+002,
       2.2507995986938477e+002, 0., 0., 0., 1., 0. ]
Q: !!opencv-matrix
   rows: 4
   cols: 4
   dt: d
   data: [ 1., 0., 0., -3.3243049621582031e+002, 0., 1., 0.,
       -2.2507995986938477e+002, 0., 0., 0., 6.8860270296972226e+002, 0.,
       0., 5.1980675346514160e-001, 0. ]
