%YAML:1.0
R: !!opencv-matrix
   rows: 3
   cols: 3
   dt: d
   data: [ 9.9999094799140797e-001, 2.8768170642252578e-003,
       -3.1349415981969087e-003, -2.8193162294388690e-003,
       9.9983049135921409e-001, 1.8194504785543141e-002,
       3.1867524603498179e-003, -1.8185501697003361e-002,
       9.9982955154205400e-001 ]
T: !!opencv-matrix
   rows: 3
   cols: 1
   dt: d
   data: [ -2.5119822909547240e+000, 2.0788298990046293e-003,
       -2.8782353382400466e-002 ]
R1: !!opencv-matrix
   rows: 3
   cols: 3
   dt: d
   data: [ 9.9996381402168277e-001, 1.8409004525764855e-003,
       8.3055242298773861e-003, -1.9164277171374190e-003,
       9.9995680463904102e-001, 9.0948425431033233e-003,
       -8.2884227700066020e-003, -9.1104303741677533e-003,
       9.9992414817644193e-001 ]
R2: !!opencv-matrix
   rows: 3
   cols: 3
   dt: d
   data: [ 9.9993402094107897e-001, -8.2751090533178041e-004,
       1.1457268012368531e-002, 9.3177062923773338e-004,
       9.9995818249218171e-001, -9.0975310072108975e-003,
       -1.1449260591853779e-002, 9.1076063065017709e-003,
       9.9989297724269743e-001 ]
P1: !!opencv-matrix
   rows: 3
   cols: 4
   dt: d
   data: [ 5.5997350283949027e+002, 0., 3.5945772933959961e+002, 0., 0.,
       5.5997350283949027e+002, 2.1030282402038574e+002, 0., 0., 0., 1.,
       0. ]
P2: !!opencv-matrix
   rows: 3
   cols: 4
   dt: d
   data: [ 5.5997350283949027e+002, 0., 3.5945772933959961e+002,
       -1.4067363376763944e+003, 0., 5.5997350283949027e+002,
       2.1030282402038574e+002, 0., 0., 0., 1., 0. ]
Q: !!opencv-matrix
   rows: 4
   cols: 4
   dt: d
   data: [ 1., 0., 0., -3.5945772933959961e+002, 0., 1., 0.,
       -2.1030282402038574e+002, 0., 0., 0., 5.5997350283949027e+002, 0.,
       0., 3.9806571270095858e-001, 0. ]
