%YAML:1.0
M1: !!opencv-matrix
   rows: 3
   cols: 3
   dt: d
   data: [ 8.1810007482295703e+002, 0., 3.3127944139186627e+002, 0.,
       8.1810007482295703e+002, 2.3170396385171006e+002, 0., 0., 1. ]
D1: !!opencv-matrix
   rows: 1
   cols: 12
   dt: d
   data: [ -3.9247245040756544e-002, 2.7039130410060347e-001, 0., 0., 0.,
       0., 0., 6.6955889198190532e-001, 0., 0., 0., 0. ]
M2: !!opencv-matrix
   rows: 3
   cols: 3
   dt: d
   data: [ 8.1810007482295703e+002, 0., 3.3068581621959731e+002, 0.,
       8.1810007482295703e+002, 2.3187290762803119e+002, 0., 0., 1. ]
D2: !!opencv-matrix
   rows: 1
   cols: 12
   dt: d
   data: [ -9.5479656515937254e-003, -2.7286089627024646e-001, 0., 0.,
       0., 0., 0., -2.4403362561296791e+000, 0., 0., 0., 0. ]
