%YAML:1.0
M1: !!opencv-matrix
   rows: 3
   cols: 3
   dt: d
   data: [ 8.2017345974802288e+002, 0., 3.3278192754078475e+002, 0.,
       8.2017345974802288e+002, 2.2772209165825740e+002, 0., 0., 1. ]
D1: !!opencv-matrix
   rows: 1
   cols: 12
   dt: d
   data: [ -2.8867902736363880e-002, -3.2005777288733606e-001, 0., 0.,
       0., 0., 0., -4.5316397596604023e+000, 0., 0., 0., 0. ]
M2: !!opencv-matrix
   rows: 3
   cols: 3
   dt: d
   data: [ 8.2017345974802288e+002, 0., 3.3136096615667572e+002, 0.,
       8.2017345974802288e+002, 2.2818908166454651e+002, 0., 0., 1. ]
D2: !!opencv-matrix
   rows: 1
   cols: 12
   dt: d
   data: [ -8.1382824289909061e-002, 1.5158488290333496e+000, 0., 0., 0.,
       0., 0., 8.8099924783622878e+000, 0., 0., 0., 0. ]
