%YAML:1.0
M1: !!opencv-matrix
   rows: 3
   cols: 3
   dt: d
   data: [ 8.2182931915831261e+002, 0., 3.3464289038025629e+002, 0.,
       8.2182931915831261e+002, 2.3271238078424969e+002, 0., 0., 1. ]
D1: !!opencv-matrix
   rows: 1
   cols: 12
   dt: d
   data: [ -4.3565145568500697e-002, 1.8210360918851934e-002, 0., 0., 0.,
       0., 0., -2.5621612295562866e+000, 0., 0., 0., 0. ]
M2: !!opencv-matrix
   rows: 3
   cols: 3
   dt: d
   data: [ 8.2182931915831261e+002, 0., 3.3407739015841025e+002, 0.,
       8.2182931915831261e+002, 2.3272057314359535e+002, 0., 0., 1. ]
D2: !!opencv-matrix
   rows: 1
   cols: 12
   dt: d
   data: [ -8.6925070971417967e-003, -4.2032289802618061e-001, 0., 0.,
       0., 0., 0., -2.7751696128850312e+000, 0., 0., 0., 0. ]
