%YAML:1.0
M1: !!opencv-matrix
   rows: 3
   cols: 3
   dt: d
   data: [ 8.2592589825589039e+002, 0., 3.3711378385209201e+002, 0.,
       8.2592589825589039e+002, 2.3214075787173374e+002, 0., 0., 1. ]
D1: !!opencv-matrix
   rows: 1
   cols: 12
   dt: d
   data: [ 1.5015954560000280e-003, -8.7204604333551849e-001, 0., 0., 0.,
       0., 0., -6.3528165487207842e+000, 0., 0., 0., 0. ]
M2: !!opencv-matrix
   rows: 3
   cols: 3
   dt: d
   data: [ 8.2592589825589039e+002, 0., 3.3635529713470294e+002, 0.,
       8.2592589825589039e+002, 2.3114421586110970e+002, 0., 0., 1. ]
D2: !!opencv-matrix
   rows: 1
   cols: 12
   dt: d
   data: [ -1.0665666556502122e-001, 1.5578859608920008e+000, 0., 0., 0.,
       0., 0., 7.7112270515038794e+000, 0., 0., 0., 0. ]
