%YAML:1.0
M1: !!opencv-matrix
   rows: 3
   cols: 3
   dt: d
   data: [ 8.1419768554448046e+002, 0., 3.3400952550268136e+002, 0.,
       8.1419768554448046e+002, 2.2383552029604334e+002, 0., 0., 1. ]
D1: !!opencv-matrix
   rows: 1
   cols: 12
   dt: d
   data: [ -6.9261391850643825e-002, 8.1552877058091799e-001, 0., 0., 0.,
       0., 0., 6.4596638770973787e+000, 0., 0., 0., 0. ]
M2: !!opencv-matrix
   rows: 3
   cols: 3
   dt: d
   data: [ 8.1419768554448046e+002, 0., 3.3434641899594862e+002, 0.,
       8.1419768554448046e+002, 2.2251841577476486e+002, 0., 0., 1. ]
D2: !!opencv-matrix
   rows: 1
   cols: 12
   dt: d
   data: [ -1.1890476171202551e-001, 1.9094205670835218e+000, 0., 0., 0.,
       0., 0., 9.3815245043469879e+000, 0., 0., 0., 0. ]
