%YAML:1.0
M1: !!opencv-matrix
   rows: 3
   cols: 3
   dt: d
   data: [ 7.9882864019594399e+002, 0., 3.3416309954441550e+002, 0.,
       7.9882864019594399e+002, 2.3212591131426029e+002, 0., 0., 1. ]
D1: !!opencv-matrix
   rows: 1
   cols: 12
   dt: d
   data: [ 1.0606891683242956e-002, -1.6974627693517206e+000, 0., 0., 0.,
       0., 0., -2.2437638173969336e+001, 0., 0., 0., 0. ]
M2: !!opencv-matrix
   rows: 3
   cols: 3
   dt: d
   data: [ 7.9882864019594399e+002, 0., 3.3846482431076618e+002, 0.,
       7.9882864019594399e+002, 2.2843527902265038e+002, 0., 0., 1. ]
D2: !!opencv-matrix
   rows: 1
   cols: 12
   dt: d
   data: [ -1.8302443227023929e-001, 1.2985054056892027e+000, 0., 0., 0.,
       0., 0., 2.8240359518269322e+000, 0., 0., 0., 0. ]
